7
5
0 1 1 0 0
0 0 0 1 0
0 0 0 1 0
0 0 0 0 1
0 0 0 0 0
12
1 1 1 0 0 1 1 1 1 0 0 0
0 0 1 0 1 0 0 1 1 1 0 1
0 0 1 1 0 1 1 0 0 1 0 0
0 1 1 0 1 0 0 0 0 1 0 1
1 0 0 1 1 0 0 0 0 1 1 1
1 1 1 1 0 1 0 0 0 1 0 0
1 1 0 1 0 0 0 0 1 1 1 0
1 1 0 0 0 0 1 1 1 0 1 1
1 1 1 1 0 0 1 0 1 1 1 1
0 0 1 1 1 0 1 0 1 0 0 0
0 1 1 1 1 0 0 0 1 1 0 0
1 1 0 0 1 1 0 1 1 1 0 0
10
1 0 0 0 0 0 0 0 0 1
1 1 1 1 1 0 1 1 0 1
1 1 1 1 0 1 0 0 0 1
1 1 1 1 1 1 1 1 1 0
1 1 1 1 1 1 1 1 0 0
1 1 1 1 1 1 1 1 1 1
1 1 1 1 1 1 1 1 1 1
0 1 1 1 1 1 1 1 1 1
1 1 1 1 1 1 1 1 1 1
1 1 1 1 1 1 1 1 1 1
10
0 0 0 0 0 0 0 0 0 0
1 1 1 1 1 0 1 0 0 0
1 1 1 1 0 1 0 0 0 1
1 1 1 1 1 0 1 1 1 0
1 1 1 0 1 1 1 1 0 0
1 1 1 1 1 1 1 1 1 1
1 1 1 0 1 1 1 1 1 1
0 1 1 1 1 0 1 1 1 1
1 1 1 1 1 1 0 1 1 1
1 0 1 0 1 1 0 1 1 1
10
1 0 0 0 0 1 0 1 0 1
1 0 0 1 0 0 1 1 0 1
0 0 0 1 1 1 1 0 1 0
0 0 0 1 0 0 0 0 1 0
0 1 1 1 1 1 0 1 1 0
0 0 1 0 1 1 1 1 1 0
0 0 1 1 1 0 1 1 1 0
0 1 1 1 0 0 0 1 0 0
1 1 1 1 1 1 0 1 0 1
1 1 1 1 0 1 1 1 1 1
5
1 0 0 0 1
1 0 0 0 1
1 0 0 0 1
0 0 0 0 0
1 1 0 0 1
4
1 1 0 1
1 0 1 1
1 1 1 1
1 1 0 1