7
13
19
29
86
73
11
53
4
87
92
43
120
2
4
4
1
8
5
2
2
3
4
1
1
5
3
2
2
2
1
4
5
1
2
3
4
5
1
6
4
4
4
4
1
1
5
4
1
4
7
8
3
0
5
100000 
5
1
3
7
10
12
6
3
4
5
6
10
12
3
3
5
5
1
10
3
3
5
5
1
10
3
5
6
5
1
20
3
1
7
10
1
16
3
1
2
4
1
4
2
100000
100001
1
1
3
6
5
4
1
111
5
3 12 17 33 34
3
42 46 49
5
3 12 17 33 34
3
42 46 47
5

3

12

17

33

34

3

1

51

30

3

1

2

3

3

1

2

3

3

1

2

3

3

4

5

6

0

