21
100 0
3 3
1 2 5
3 2 5
2 1 5
3 4
1 2 1
1 2 1
2 3 1
2 3 1
5 4 
1 2 5 
3 2 5 
4 2 5 
5 4 5 
5 3 
1 2 5 
3 2 5 
5 4 5 
5 5 
1 2 5
3 2 5 
4 2 5  
5 4 5 
4 5 6 
1 0
1 2
1 1 1
1 1 2
2 0
1 0
3 0
9 0
1 2
1 1 1
1 1 2
1 1
1 1 1
2 1
1 2 3
2 2
1 2 0
1 2 0
8 7
1 2 1
2 3 2
3 4 4
4 5 5
5 6 7
6 7 8
7 8 9
3 5
1 2 3
2 3 1
2 2 4
1 1 5
2 3 5
3 4
1 2 1
1 2 1
2 3 1
2 3 1
3 4
1 2 1
2 3 1
1 3 3
1 3 4 
4 7
3 4 486
2 4 851
4 1 705
3 2 8
2 1 59
4 1 73
2 1 114
3 4
1 2 1
1 2 1
2 3 1
2 3 1
